00110000001100000011000100110001
00000000000000000000000000000000
00000000000000000000000000000000
00110000001100010011000100110001
00000000000000000000000000000000
11111110000000100000000000001000
01010000000000000000000000000010
00110000001100010011000000110000
00110000001100000011000100110001
11111110000000100000000000001000
00000000000000000000000000000000
00110000001100000011000100110001
01010000000000000000000000000010
00110000001100010011000100110001
00110000001100000011000100110001
11111000111111111111001111111111
00110000001100010011000000110000
11111110000000100000000000001000
00110000001100010011000100110001
00110000001100010011000100110001
00110000001100010011000100110001
00110000001100010011000100110001
00110000001100010011000100110001
00110000001100010011000100110001
00000000000000000000000000000000
00000000000000000000000000000000
00000000000000000000000000000000
11111000111111111111001111111111
00000000000000000000000000000000
00110000001100010011000100110001
00000000000000000000000000000000
00110000001100010011000100110001
11111000111111111111001111111111
01010000000000000000000000000010
00110001001100000011000000110000
00110001001100000011000000110000
00110001001100000011000000110000
00110001001100000011000000110000
00110001001100000011000000110000
00110001001100000011000000110000
00110001001100000011000000110000
00110000001100000011100100110001
00110000001100000011000100110001
11111110000000100000000000001000
00110001001100010011000100110001
00110001001100010011000100110001
00110001001100010011000100110001
00110001001100010011000100110001
00110001001100010011000100110001
00110001001100010011000100110001
00110001001100010011000100110001
00110001001100010011000100110001
00110001001100010011000100110001
00110001001100010011000100110001
00110000001100010011000000110000
00000000000000000000000000000000
11111000111111111111001111111111
01010000000000000000000000000010
00000000000000000000000000000000
00000000000000000000000000000000
00110000001100010011000000110000
00000000000000000000000000000000
00110001001100010011000100110001
11111110000000100000000000001000
00000000000000000000000000000000
11111110000000100000000000001000
00110001001100010011000100110001
00110000001100010011000000110000
00000000000000000000000000000000
00000000000000000000000000000000
00110000001100010011000001111000
00000000000000000000000000000000
01010000000000000000000000000010
11111000111111111111001111111111
00110000001100000011000100110001
00110000001100000011000100110001
00110000001100000011000100110001
00110000001100000011000100110001
00110000001100000011000100110001
00110000001100000011000100110001
00110000001100000011000100110001
00110001001100010011000100110001
11111000111111111111001111111111
00110001001100010011000100110001
01010000000000000000000000000010
00000000000000000000000000000000
11111110000000100000000000001000
11111000111111111111001111111111
00110001001111010011000100110001
00000000000000000000000000000000
00110000001100010011000000110000
00110001001100010011000100110001
01010000000000000000000000000010
00110000001100010011000000110000
11111110000000100000000000001000
00110001001100010011000100110001
11111000111111111111001111111111
00000000000000000000000000000000
11001000111110110101011110011111
00000000000000000000000000001010
00110001001100010011000100110001
00000000000000000000000000000000
00110000001100010011000100110000
11111111111111111000000000000000
00110000001100010011000000110001
00110000001100010011000000110001
00110000001100010011000000110001
00110000001100010011000000110001
00110000001100010011000000110001
00110000001100010011000000110001
00110000001100010011000000110001
00110000001100010011000000110001
11111111111111111000000000000000
00110001001100000011000000110000
00110001001100000011000000110000
00110001001100000011000000110000
11111111111111111000000000000000
00000000000000000000000000000000

