11111000111111111111001111111111
11111110000000100000000000001000
01100000000000000000000000000010
11010000111111111111001000111111
00000000000000000000000000000000
11010000111111111111001000000000
11011111111111111111111111111101
11101111111111111111111111110111
00000000011111100000000000011100
11111000000000000111111111111111
01010000000000000000000000000010
11111111111111111000000000000000
00000000000000001000000000000000
01111000000000000111111111111111
11100001111111111111111111110111
11100000111111111111001111111111
